1 0 100
2 100 200
3 200 300
4 300 400
5 400 500
6 500 600
7 600 700
8 700 800
9 800 900
10 900 1000
11 1000 1100
12 1100 1200
13 1200 1300
14 1300 1400
15 1400 1500
16 1500 1600
17 1600 1700
18 1700 1800
19 1800 1900
20 1900 2000
21 2000 2100
22 2100 2200
23 2200 2300
24 2300 2400
25 2400 2500
26 2500 2600
27 2600 2700
28 2700 2800
29 2800 2900
30 2900 3000
31 3000 3100
32 3100 3200
33 3200 3300
34 3300 3400
35 3400 3500
36 3500 3600
37 3600 3700
38 3700 3800
39 3800 3900
40 3900 4000
41 4000 4100
42 4100 4200
43 4200 4300
44 4300 4400
45 4400 4500
46 4500 4600
47 4600 4700
48 4700 4800
49 4800 4900
50 4900 5000
51 5000 5100
52 5100 5200
53 5200 5300
54 5300 5400
55 5400 5500
56 5500 5600
57 5600 5700
58 5700 5800
59 5800 5900
60 5900 6000
61 6000 6100
62 6100 6200
63 6200 6300
64 6300 6400
65 6400 6500
66 6500 6600
67 6600 6700
68 6700 6800
69 6800 6900
70 6900 7000
71 7000 7100
72 7100 7200
73 7200 7300
74 7300 7400
75 7400 7500
76 7500 7600
77 7600 7700
78 7700 7800
79 7800 7900
80 7900 8000
81 8000 8100
82 8100 8200
83 8200 8300
84 8300 8400
85 8400 8500
86 8500 8600
87 8600 8700
88 8700 8800
89 8800 8900
90 8900 9000
91 9000 9100
